# Directed graph: enwiki-2013.txt
# English Wikipedia hyperlink network
# Nodes: 4203323 Edges: 101311614
# FromNodeId ToNodeId1 0
2 0
0 2
4 3
7 5
5 6
7 8
8 9
13 10
1011088 10
10 11
13 11
10 12
13 12
10 13
14 15
14 16
2043469 16
16 17
1892531 17
2043469 17
19 18
20 18
18 19
20 19
18 20
19 20
21 20
641456 20
2352328 20
23 22
24 22
26 22
25 23
26 23
22 24
25 24
26 24
22 25
23 25
24 25
26 25
22 26
23 26
24 26
25 26
27 26
2221650 26
2221995 26
2221908 27
28 29
411664 29
31 30
32 30
33 30
1797465 30
3311849 30
30 31
32 31
3311849 31
30 32
31 32
33 32
3311849 32
30 33
32 33
3311849 33
38 34
54 34
38 35
54 35
38 36
54 36
38 37
54 37
34 38
35 38
36 38
37 38
39 38
40 38
41 38
42 38
43 38
44 38
45 38
46 38
47 38
48 38
49 38
50 38
51 38
63 38
77 38
90 38
91 38
1271822 38
